13812473273	15052348673
13812473273	13921712400
13812473273	13142890470
18252624808	18136206000
18252624808	15094330802
18252624808	18252629391
18361437499	13921712400
18361437499	18252624808
18361437499	18796720007
15052367776	15052835558
15052367776	15052349976
15052367776	13218704222
18952688576	15050503611
18952688576	17768633338
18952688576	13921711809
15052362867	15052835558
15052362867	17768633338
15052362867	13961093295
15189947426	18136206000
15189947426	18252624808
15189947426	15052358143
13505129517	13815915400
13505129517	15161084942
13505129517	15152679652
13815915400	15052358143
13815915400	13921712400
13815915400	18252624808
15195255509	15152679652
15195255509	15189947426
15195255509	18136206000
15061066277	15152679652
15061066277	18252624808
15061066277	15152684451
13815904119	13218704222
13815904119	18136206000
13815904119	18252624808
15195253929	15952661998
15195253929	15861058030
15195253929	15052821026
18796739518	18136206000
18796739518	18252624808
18796739518	15052835558
13182226903	18136206000
13182226903	18252624808
13182226903	15052835558
15896048601	15052835558
15896048601	18252624808
15896048601	13218704222
13401218927	18136206000
13401218927	13952695478
13401218927	15052830299
13952695478	15052830299
13952695478	13401218927
13952695478	18252624808
15195242970	13218704222
15195242970	18136206000
15195242970	15052828123
13641588651	15052835558
13641588651	17768633338
13641588651	18136206000
13705265540	18136206000
13705265540	15295294102
13705265540	15094339760
13775773382	13062968468
13775773382	18136206000
13775773382	18994685600
18351170623	18361835738
18351170623	15052835558
18351170623	15152679652
15261043500	18914436232
15261043500	17768633308
15261043500	18252624808
18861047165	15195241565
18861047165	15052835558
18861047165	18252624808
18262582888	13961031168
18262582888	13505129517
18262582888	15152679652
18136205558	13775758783
18136205558	15195253929
18136205558	18912090999
13961062857	13961093703
13961062857	15952644808
13961062857	13812478388
18361835738	15182679652
18361835738	13218704222
18361835738	18351170623
13625199891	15861058030
13625199891	18262582888
13625199891	15189951188
13961093703	18252624808
13961093703	18136206000
13961093703	13705265540
13024460999	15996096520
13024460999	15152679652
13024460999	18136206000
15189967331	15152696200
15189967331	18082360020
15189967331	15152679652
13814499560	18136206000
13814499560	13961093703
13814499560	18252624808
18351170956	18752492668
18351170956	18136206000
18351170956	18061063509
15995931641	13218704222
15995931641	17768633338
15995931641	18252624808
15861084199	13142889789
15861084199	18252624808
15861084199	15195260818
15190646358	18052682030
15190646358	15195255509
15190646358	13852871783